,famrel,freetime,goout,Dalc,Walc,health,absences,G3,G2_cat,G1_cat,serial_number
0,4.0,3.0,4.0,1.0,1.0,3.0,4.0,11,mid,Mid,00000
1,5.0,3.0,3.0,1.0,1.0,3.0,,11,mid,Mid,00001
2,4.0,3.0,2.0,2.0,3.0,3.0,6.0,12,mid,Mid,00002
3,3.0,2.0,2.0,1.0,1.0,5.0,0.0,14,High,high,00003
4,4.0,3.0,2.0,1.0,2.0,5.0,0.0,13,,Mid,00004
5,5.0,4.0,2.0,1.0,2.0,5.0,6.0,13,mid,Mid,00005
6,4.0,4.0,4.0,1.0,1.0,3.0,0.0,13,,Mid,00006
7,4.0,1.0,4.0,1.0,1.0,1.0,2.0,13,mid,Mid,00007
8,4.0,2.0,2.0,1.0,1.0,1.0,0.0,17,,high,00008
9,5.0,5.0,1.0,1.0,1.0,5.0,0.0,13,mid,Mid,00009
10,3.0,3.0,3.0,1.0,2.0,2.0,2.0,14,,high,00010
11,5.0,2.0,2.0,1.0,1.0,4.0,0.0,13,mid,Mid,00011
12,4.0,3.0,3.0,1.0,3.0,,0.0,12,mid,Mid,00012
13,5.0,4.0,3.0,1.0,2.0,3.0,0.0,13,mid,Mid,00013
14,4.0,5.0,2.0,1.0,1.0,3.0,0.0,15,High,high,00014
15,4.0,4.0,,1.0,2.0,2.0,6.0,17,High,high,00015
16,3.0,2.0,3.0,1.0,2.0,2.0,10.0,14,mid,Mid,00016
17,5.0,3.0,2.0,1.0,1.0,4.0,2.0,14,High,high,00017
18,5.0,5.0,5.0,2.0,,5.0,2.0,7,mid,Mid,00018
19,3.0,1.0,3.0,1.0,3.0,5.0,6.0,12,,Mid,00019
20,4.0,4.0,1.0,1.0,1.0,1.0,0.0,14,mid,Mid,00020
21,5.0,4.0,2.0,1.0,1.0,5.0,0.0,12,mid,Mid,00021
22,,5.0,1.0,1.0,3.0,5.0,0.0,14,mid,Mid,00022
23,5.0,4.0,4.0,2.0,4.0,5.0,2.0,10,mid,Mid,00023
24,4.0,3.0,2.0,1.0,1.0,5.0,2.0,10,mid,Mid,00024
25,1.0,2.0,2.0,1.0,3.0,5.0,6.0,12,mid,Mid,00025
26,4.0,2.0,2.0,1.0,2.0,5.0,8.0,12,mid,Mid,00026
27,2.0,2.0,4.0,2.0,4.0,1.0,0.0,11,mid,Mid,00027
28,5.0,3.0,3.0,1.0,1.0,5.0,2.0,13,mid,Mid,00028
29,4.0,4.0,5.0,5.0,5.0,5.0,4.0,12,mid,Mid,00029
30,5.0,4.0,2.0,3.0,4.0,5.0,0.0,11,,Mid,00030
31,4.0,3.0,1.0,1.0,1.0,5.0,2.0,15,High,high,00031
32,4.0,,2.0,1.0,1.0,5.0,0.0,15,High,high,00032
33,5.0,3.0,2.0,1.0,1.0,2.0,0.0,12,mid,Mid,00033
34,5.0,4.0,3.0,1.0,1.0,5.0,4.0,12,mid,Mid,00034
35,3.0,5.0,1.0,1.0,1.0,5.0,4.0,11,mid,Mid,00035
36,5.0,4.0,3.0,1.0,1.0,4.0,0.0,14,High,high,00036
37,2.0,4.0,3.0,1.0,1.0,5.0,4.0,13,mid,Mid,00037
38,4.0,3.0,2.0,1.0,1.0,5.0,,12,mid,Mid,00038
39,4.0,3.0,1.0,1.0,1.0,2.0,8.0,12,mid,Mid,00039
40,3.0,3.0,3.0,1.0,2.0,3.0,16.0,10,mid,Mid,00040
41,5.0,,3.0,2.0,4.0,5.0,8.0,11,mid,Mid,00041
42,4.0,,3.0,1.0,1.0,5.0,0.0,15,High,high,00042
43,5.0,4.0,1.0,1.0,1.0,1.0,0.0,10,mid,Mid,00043
44,4.0,3.0,3.0,2.0,2.0,5.0,14.0,11,,Mid,00044
45,,2.0,2.0,1.0,1.0,5.0,4.0,11,mid,Mid,00045
46,2.0,3.0,5.0,1.0,4.0,3.0,6.0,13,mid,Mid,00046
47,4.0,2.0,2.0,1.0,1.0,2.0,2.0,17,High,high,00047
48,4.0,3.0,3.0,2.0,2.0,5.0,4.0,13,mid,Mid,00048
49,4.0,4.0,4.0,1.0,1.0,3.0,2.0,12,mid,Mid,00049
50,4.0,3.0,3.0,2.0,3.0,4.0,0.0,13,mid,Mid,00050
51,4.0,3.0,3.0,1.0,1.0,5.0,0.0,16,High,high,00051
52,5.0,5.0,5.0,3.0,4.0,5.0,4.0,9,mid,Mid,00052
53,3.0,3.0,4.0,2.0,3.0,5.0,0.0,12,mid,Mid,00053
54,5.0,3.0,4.0,4.0,4.0,1.0,0.0,13,mid,Mid,00054
55,5.0,3.0,4.0,1.0,1.0,2.0,2.0,12,mid,Mid,00055
56,4.0,3.0,2.0,1.0,,1.0,0.0,15,High,high,00056
57,3.0,2.0,2.0,1.0,1.0,5.0,8.0,16,High,high,00057
58,4.0,3.0,2.0,1.0,1.0,5.0,0.0,14,mid,Mid,00058
59,4.0,2.0,3.0,1.0,1.0,5.0,2.0,16,High,high,00059
60,2.0,4.0,4.0,2.0,3.0,4.0,0.0,16,High,high,00060
61,5.0,,5.0,5.0,5.0,5.0,0.0,16,mid,Mid,00061
62,4.0,4.0,3.0,1.0,1.0,1.0,0.0,10,mid,Mid,00062
63,3.0,4.0,4.0,2.0,4.0,4.0,0.0,13,mid,Mid,00063
64,4.0,4.0,4.0,2.0,4.0,2.0,0.0,12,mid,Mid,00064
65,5.0,4.0,3.0,1.0,2.0,1.0,2.0,16,High,high,00065
66,1.0,3.0,3.0,5.0,5.0,3.0,0.0,12,mid,Mid,00066
67,4.0,3.0,3.0,1.0,2.0,5.0,0.0,10,mid,Mid,00067
68,4.0,1.0,3.0,1.0,3.0,4.0,0.0,11,mid,Mid,00068
69,4.0,4.0,,2.0,3.0,3.0,6.0,15,High,high,00069
70,4.0,3.0,2.0,1.0,1.0,5.0,2.0,11,mid,Mid,00070
71,,3.0,3.0,1.0,1.0,3.0,0.0,10,mid,Mid,00071
72,3.0,3.0,4.0,2.0,4.0,5.0,2.0,11,mid,Mid,00072
73,5.0,3.0,2.0,2.0,2.0,5.0,,14,mid,Mid,00073
74,4.0,3.0,3.0,2.0,4.0,5.0,4.0,11,mid,Mid,00074
75,4.0,3.0,3.0,2.0,3.0,5.0,0.0,11,,Mid,00075
76,3.0,,3.0,1.0,1.0,1.0,0.0,11,mid,Mid,00076
77,5.0,2.0,3.0,1.0,3.0,3.0,1.0,13,mid,Mid,00077
78,4.0,5.0,1.0,1.0,1.0,3.0,,10,mid,Mid,00078
79,2.0,4.0,3.0,1.0,2.0,3.0,14.0,11,mid,Mid,00079
80,3.0,2.0,2.0,1.0,3.0,3.0,0.0,12,mid,Mid,00080
81,5.0,3.0,2.0,1.0,2.0,5.0,2.0,9,mid,Mid,00081
82,4.0,4.0,4.0,1.0,1.0,5.0,4.0,11,mid,Mid,00082
83,5.0,3.0,3.0,1.0,3.0,4.0,2.0,13,mid,Mid,00083
84,4.0,3.0,2.0,2.0,3.0,4.0,2.0,12,mid,Mid,00084
85,4.0,4.0,4.0,2.0,3.0,5.0,4.0,12,mid,Mid,00085
86,4.0,,4.0,1.0,2.0,2.0,6.0,11,,Mid,00086
87,5.0,3.0,3.0,1.0,3.0,,4.0,15,High,high,00087
88,4.0,4.0,2.0,1.0,1.0,3.0,6.0,11,mid,Mid,00088
89,4.0,1.0,3.0,3.0,5.0,5.0,6.0,10,mid,Mid,00089
90,4.0,3.0,3.0,1.0,3.0,4.0,2.0,11,mid,Mid,00090
91,4.0,5.0,5.0,1.0,3.0,1.0,6.0,13,mid,Mid,00091
92,3.0,3.0,3.0,2.0,3.0,2.0,0.0,12,mid,Mid,00092
93,5.0,3.0,3.0,1.0,1.0,1.0,2.0,14,High,high,00093
94,4.0,,4.0,1.0,1.0,4.0,2.0,12,mid,Mid,00094
95,3.0,1.0,2.0,1.0,1.0,1.0,4.0,13,mid,Mid,00095
96,3.0,3.0,3.0,1.0,1.0,4.0,6.0,11,mid,Mid,00096
97,4.0,3.0,5.0,1.0,1.0,5.0,0.0,12,mid,,00097
98,5.0,3.0,4.0,1.0,2.0,1.0,4.0,13,mid,Mid,00098
99,5.0,3.0,5.0,1.0,1.0,3.0,2.0,13,mid,Mid,00099
100,4.0,5.0,5.0,5.0,5.0,4.0,12.0,8,mid,Mid,00100
101,4.0,4.0,3.0,1.0,1.0,4.0,0.0,16,High,,00101
102,5.0,3.0,3.0,1.0,1.0,5.0,2.0,12,mid,Mid,00102
103,4.0,3.0,5.0,1.0,1.0,2.0,,10,mid,Mid,00103
104,,4.0,4.0,1.0,1.0,1.0,0.0,16,High,high,00104
105,4.0,3.0,3.0,1.0,1.0,4.0,10.0,10,mid,Mid,00105
106,5.0,1.0,2.0,,1.0,3.0,4.0,10,mid,Mid,00106
107,5.0,3.0,3.0,1.0,1.0,5.0,4.0,14,High,high,00107
108,1.0,3.0,5.0,3.0,5.0,1.0,8.0,11,mid,Mid,00108
109,5.0,4.0,5.0,1.0,1.0,4.0,2.0,14,High,high,00109
110,5.0,5.0,3.0,1.0,1.0,4.0,4.0,14,High,high,00110
111,4.0,,2.0,1.0,1.0,2.0,4.0,11,mid,Mid,00111
112,3.0,1.0,2.0,1.0,1.0,5.0,12.0,10,mid,Mid,00112
113,3.0,5.0,2.0,1.0,1.0,3.0,10.0,18,High,high,00113
114,5.0,4.0,2.0,1.0,1.0,5.0,4.0,10,mid,Mid,00114
115,5.0,4.0,4.0,1.0,2.0,5.0,6.0,14,High,high,00115
116,4.0,4.0,3.0,1.0,1.0,2.0,4.0,16,High,high,00116
117,5.0,4.0,2.0,1.0,1.0,5.0,6.0,15,High,high,00117
118,5.0,,4.0,1.0,4.0,5.0,14.0,11,mid,Mid,00118
119,3.0,4.0,3.0,1.0,2.0,4.0,2.0,14,mid,Mid,00119
120,3.0,2.0,3.0,1.0,2.0,1.0,0.0,14,High,high,00120
121,5.0,5.0,4.0,1.0,2.0,5.0,6.0,13,mid,Mid,00121
122,4.0,2.0,2.0,1.0,2.0,5.0,2.0,13,mid,Mid,00122
123,3.0,4.0,4.0,1.0,4.0,5.0,4.0,13,mid,Mid,00123
124,5.0,4.0,4.0,1.0,1.0,5.0,0.0,11,mid,,00124
125,5.0,5.0,5.0,3.0,2.0,5.0,2.0,9,mid,Mid,00125
126,5.0,3.0,2.0,1.0,1.0,1.0,0.0,11,mid,Mid,00126
127,3.0,4.0,2.0,1.0,,5.0,0.0,11,mid,Mid,00127
128,3.0,5.0,5.0,2.0,5.0,4.0,8.0,15,High,high,00128
129,3.0,2.0,3.0,2.0,2.0,1.0,4.0,13,mid,Mid,00129
130,4.0,2.0,2.0,2.0,2.0,5.0,0.0,12,mid,Mid,00130
131,5.0,4.0,5.0,1.0,3.0,5.0,10.0,8,mid,Mid,00131
132,3.0,2.0,2.0,1.0,2.0,5.0,8.0,11,mid,Mid,00132
133,4.0,3.0,3.0,1.0,2.0,4.0,,13,mid,Mid,00133
134,3.0,4.0,4.0,1.0,3.0,5.0,2.0,12,mid,Mid,00134
135,3.0,2.0,1.0,1.0,4.0,5.0,12.0,14,mid,,00135
136,3.0,2.0,1.0,1.0,1.0,2.0,4.0,11,mid,Mid,00136
137,5.0,3.0,4.0,1.0,1.0,5.0,12.0,11,mid,Mid,00137
138,5.0,3.0,3.0,1.0,1.0,5.0,,11,mid,Mid,00138
139,4.0,3.0,3.0,1.0,1.0,5.0,4.0,15,High,high,00139
140,5.0,4.0,5.0,2.0,4.0,5.0,2.0,10,mid,Mid,00140
141,5.0,1.0,3.0,1.0,1.0,3.0,0.0,13,mid,Mid,00141
142,3.0,3.0,4.0,4.0,5.0,4.0,2.0,12,mid,Mid,00142
143,4.0,3.0,3.0,5.0,1.0,5.0,10.0,11,mid,Mid,00143
144,3.0,3.0,3.0,1.0,2.0,1.0,8.0,11,mid,Mid,00144
145,4.0,,2.0,1.0,1.0,5.0,4.0,10,mid,Mid,00145
146,4.0,4.0,4.0,1.0,3.0,5.0,0.0,10,mid,Mid,00146
147,4.0,3.0,2.0,1.0,1.0,5.0,6.0,14,High,high,00147
148,5.0,5.0,5.0,1.0,1.0,1.0,2.0,9,mid,Mid,00148
149,2.0,2.0,2.0,1.0,1.0,3.0,6.0,11,mid,Mid,00149
150,1.0,3.0,2.0,2.0,3.0,1.0,24.0,9,mid,Mid,00150
151,5.0,3.0,3.0,1.0,3.0,5.0,0.0,13,mid,Mid,00151
152,2.0,3.0,3.0,2.0,2.0,2.0,4.0,11,mid,Mid,00152
153,4.0,2.0,2.0,1.0,1.0,5.0,,13,mid,Mid,00153
154,3.0,4.0,4.0,3.0,3.0,1.0,4.0,11,mid,Mid,00154
155,5.0,4.0,5.0,1.0,,5.0,22.0,6,Low,low,00155
156,4.0,4.0,2.0,1.0,2.0,5.0,0.0,12,mid,Mid,00156
157,4.0,4.0,2.0,1.0,1.0,5.0,0.0,10,mid,Mid,00157
158,3.0,3.0,2.0,1.0,1.0,3.0,,11,mid,Mid,00158
159,4.0,3.0,2.0,,1.0,5.0,6.0,13,mid,Mid,00159
160,2.0,3.0,4.0,2.0,4.0,1.0,,11,mid,Mid,00160
161,3.0,3.0,2.0,2.0,1.0,5.0,,8,,Mid,00161
162,4.0,5.0,5.0,2.0,5.0,5.0,0.0,11,mid,Mid,00162
163,2.0,3.0,5.0,2.0,5.0,4.0,0.0,0,mid,Mid,00163
164,4.0,4.0,4.0,3.0,5.0,,6.0,10,mid,Mid,00164
165,4.0,2.0,1.0,2.0,3.0,3.0,2.0,13,mid,Mid,00165
166,4.0,5.0,4.0,1.0,1.0,4.0,6.0,11,mid,Mid,00166
167,4.0,2.0,1.0,1.0,1.0,4.0,0.0,13,mid,Mid,00167
168,4.0,4.0,4.0,1.0,1.0,1.0,0.0,8,mid,Mid,00168
169,2.0,2.0,,3.0,3.0,5.0,14.0,10,mid,Mid,00169
170,5.0,2.0,5.0,1.0,5.0,4.0,6.0,11,mid,Mid,00170
171,4.0,2.0,2.0,1.0,2.0,3.0,4.0,11,mid,Mid,00171
172,4.0,5.0,5.0,4.0,4.0,5.0,0.0,1,mid,Mid,00172
173,4.0,4.0,5.0,3.0,5.0,5.0,0.0,10,mid,Mid,00173
174,3.0,3.0,2.0,2.0,2.0,5.0,8.0,9,mid,Mid,00174
175,4.0,4.0,4.0,1.0,4.0,3.0,4.0,8,Low,low,00175
176,4.0,4.0,4.0,2.0,4.0,5.0,2.0,10,mid,Mid,00176
177,5.0,3.0,3.0,1.0,4.0,2.0,2.0,8,mid,Mid,00177
178,5.0,3.0,5.0,1.0,5.0,5.0,0.0,8,mid,Mid,00178
179,4.0,5.0,2.0,1.0,1.0,2.0,10.0,8,Low,low,00179
180,4.0,3.0,5.0,2.0,4.0,4.0,0.0,11,mid,Mid,00180
181,4.0,2.0,3.0,1.0,1.0,3.0,0.0,18,High,high,00181
182,5.0,1.0,5.0,1.0,1.0,4.0,0.0,13,mid,Mid,00182
183,4.0,4.0,2.0,1.0,1.0,3.0,0.0,17,High,high,00183
184,3.0,4.0,,2.0,4.0,,,10,mid,Mid,00184
185,4.0,3.0,2.0,1.0,1.0,3.0,0.0,18,High,high,00185
186,,4.0,4.0,1.0,3.0,5.0,0.0,10,mid,Mid,00186
187,4.0,,5.0,1.0,1.0,3.0,0.0,13,mid,Mid,00187
188,4.0,4.0,5.0,1.0,1.0,4.0,0.0,15,High,high,00188
189,4.0,4.0,4.0,4.0,4.0,4.0,0.0,11,mid,Mid,00189
190,3.0,4.0,4.0,1.0,4.0,5.0,0.0,14,mid,Mid,00190
191,4.0,3.0,4.0,1.0,4.0,4.0,4.0,10,mid,Mid,00191
192,4.0,3.0,3.0,3.0,4.0,3.0,8.0,11,mid,Mid,00192
193,5.0,,3.0,1.0,1.0,2.0,4.0,13,mid,Mid,00193
194,3.0,4.0,3.0,2.0,3.0,3.0,4.0,11,mid,Mid,00194
195,4.0,2.0,3.0,1.0,2.0,3.0,0.0,13,mid,Mid,00195
196,5.0,4.0,2.0,2.0,3.0,5.0,0.0,17,,high,00196
197,5.0,3.0,3.0,2.0,3.0,1.0,32.0,14,mid,Mid,00197
198,1.0,2.0,2.0,1.0,2.0,1.0,8.0,16,High,high,00198
199,4.0,3.0,4.0,2.0,3.0,4.0,6.0,14,mid,Mid,00199
200,3.0,3.0,3.0,1.0,2.0,3.0,0.0,11,mid,Mid,00200
201,4.0,2.0,3.0,1.0,2.0,5.0,0.0,16,High,high,00201
202,3.0,3.0,3.0,1.0,3.0,3.0,10.0,14,mid,Mid,00202
203,3.0,1.0,3.0,1.0,5.0,,6.0,10,mid,Mid,00203
204,4.0,3.0,3.0,1.0,1.0,2.0,6.0,13,mid,Mid,00204
205,5.0,3.0,3.0,1.0,1.0,3.0,0.0,12,mid,Mid,00205
206,4.0,4.0,4.0,4.0,5.0,5.0,16.0,12,mid,Mid,00206
207,4.0,3.0,2.0,3.0,4.0,5.0,0.0,10,mid,Mid,00207
208,5.0,3.0,3.0,1.0,1.0,3.0,0.0,12,mid,Mid,00208
209,4.0,3.0,2.0,1.0,1.0,5.0,8.0,16,High,high,00209
210,5.0,2.0,3.0,1.0,2.0,5.0,4.0,14,mid,Mid,00210
211,3.0,3.0,4.0,3.0,5.0,3.0,16.0,12,mid,Mid,00211
212,4.0,2.0,4.0,2.0,3.0,2.0,30.0,16,High,high,00212
213,4.0,5.0,2.0,1.0,2.0,3.0,0.0,11,mid,Mid,00213
214,4.0,3.0,5.0,1.0,5.0,2.0,2.0,15,High,high,00214
215,4.0,4.0,3.0,1.0,3.0,4.0,4.0,12,mid,Mid,00215
216,4.0,4.0,4.0,1.0,3.0,,0.0,15,High,high,00216
217,5.0,3.0,2.0,1.0,2.0,3.0,21.0,13,mid,Mid,00217
218,5.0,3.0,5.0,1.0,1.0,5.0,6.0,13,mid,Mid,00218
219,4.0,4.0,3.0,3.0,4.0,5.0,14.0,8,mid,Mid,00219
220,2.0,3.0,3.0,2.0,2.0,,2.0,12,mid,Mid,00220
221,1.0,3.0,2.0,1.0,1.0,1.0,4.0,15,High,high,00221
222,4.0,3.0,2.0,1.0,4.0,5.0,2.0,13,mid,Mid,00222
223,4.0,4.0,2.0,1.0,1.0,4.0,0.0,12,mid,Mid,00223
224,,3.0,3.0,1.0,2.0,3.0,4.0,12,mid,Mid,00224
225,5.0,3.0,5.0,4.0,5.0,3.0,15.0,12,mid,Mid,00225
226,3.0,3.0,4.0,1.0,1.0,4.0,0.0,13,mid,Mid,00226
227,4.0,4.0,4.0,,4.0,5.0,,11,mid,Mid,00227
228,5.0,2.0,1.0,1.0,2.0,3.0,6.0,11,mid,Mid,00228
229,4.0,4.0,4.0,1.0,3.0,1.0,2.0,15,High,high,00229
230,3.0,4.0,,2.0,4.0,1.0,16.0,10,mid,Mid,00230
231,3.0,2.0,4.0,2.0,4.0,4.0,10.0,10,mid,Mid,00231
232,3.0,3.0,3.0,1.0,4.0,3.0,4.0,13,mid,Mid,00232
233,4.0,3.0,3.0,1.0,1.0,4.0,,13,mid,Mid,00233
234,4.0,2.0,5.0,1.0,2.0,5.0,0.0,11,mid,Mid,00234
235,4.0,3.0,4.0,1.0,1.0,5.0,12.0,12,mid,Mid,00235
236,2.0,3.0,1.0,1.0,1.0,3.0,0.0,14,mid,Mid,00236
237,3.0,3.0,3.0,5.0,5.0,4.0,9.0,10,mid,Mid,00237
238,5.0,3.0,2.0,1.0,1.0,5.0,4.0,16,High,high,00238
239,5.0,3.0,3.0,1.0,1.0,4.0,4.0,8,mid,Mid,00239
240,5.0,3.0,4.0,1.0,3.0,3.0,2.0,17,High,high,00240
241,5.0,,3.0,1.0,,3.0,0.0,11,mid,Mid,00241
242,4.0,3.0,2.0,4.0,5.0,3.0,2.0,11,mid,Mid,00242
243,3.0,2.0,3.0,1.0,2.0,3.0,0.0,16,High,high,00243
244,3.0,2.0,3.0,1.0,2.0,3.0,0.0,12,mid,Mid,00244
245,4.0,5.0,2.0,1.0,1.0,1.0,0.0,13,mid,Mid,00245
246,4.0,5.0,5.0,1.0,3.0,2.0,0.0,13,mid,Mid,00246
247,4.0,2.0,4.0,2.0,4.0,1.0,0.0,14,mid,Mid,00247
248,3.0,4.0,2.0,1.0,1.0,5.0,2.0,9,mid,Mid,00248
249,5.0,3.0,3.0,1.0,3.0,2.0,0.0,12,mid,Mid,00249
250,4.0,4.0,2.0,5.0,5.0,4.0,0.0,16,High,high,00250
251,4.0,5.0,2.0,1.0,1.0,5.0,4.0,10,mid,Mid,00251
252,5.0,3.0,3.0,1.0,2.0,5.0,0.0,13,mid,Mid,00252
253,4.0,3.0,3.0,1.0,1.0,3.0,18.0,10,mid,Mid,00253
254,5.0,3.0,1.0,1.0,1.0,5.0,16.0,10,mid,Mid,00254
255,4.0,1.0,1.0,1.0,1.0,3.0,,7,Low,low,00255
256,4.0,4.0,3.0,2.0,2.0,1.0,26.0,8,mid,Mid,00256
257,4.0,2.0,1.0,1.0,2.0,5.0,6.0,9,mid,Mid,00257
258,5.0,4.0,2.0,1.0,1.0,3.0,4.0,15,High,high,00258
259,4.0,,2.0,1.0,2.0,4.0,10.0,10,mid,Mid,00259
260,5.0,3.0,5.0,1.0,2.0,5.0,4.0,11,mid,Mid,00260
261,2.0,1.0,1.0,1.0,1.0,3.0,2.0,13,mid,Mid,00261
262,5.0,5.0,4.0,1.0,1.0,5.0,14.0,8,mid,Mid,00262
263,5.0,5.0,4.0,3.0,5.0,2.0,16.0,8,Low,low,00263
264,3.0,1.0,2.0,1.0,1.0,1.0,8.0,10,mid,Mid,00264
265,4.0,3.0,3.0,1.0,3.0,5.0,4.0,15,High,high,00265
266,4.0,3.0,2.0,1.0,1.0,4.0,4.0,14,High,high,00266
267,2.0,5.0,5.0,1.0,4.0,5.0,8.0,15,High,high,00267
268,3.0,3.0,3.0,2.0,3.0,4.0,0.0,12,mid,Mid,00268
269,5.0,,5.0,1.0,1.0,3.0,7.0,15,High,high,00269
270,5.0,3.0,2.0,1.0,2.0,5.0,4.0,15,High,high,00270
271,5.0,3.0,1.0,1.0,4.0,,2.0,12,mid,Mid,00271
272,4.0,3.0,3.0,1.0,1.0,1.0,2.0,15,High,high,00272
273,4.0,2.0,2.0,2.0,3.0,5.0,10.0,11,mid,Mid,00273
274,4.0,3.0,2.0,1.0,1.0,4.0,10.0,10,mid,Mid,00274
275,4.0,4.0,4.0,1.0,1.0,3.0,10.0,11,mid,Mid,00275
276,4.0,3.0,3.0,1.0,1.0,4.0,,16,High,high,00276
277,4.0,3.0,4.0,1.0,2.0,5.0,4.0,11,mid,Mid,00277
278,5.0,2.0,2.0,1.0,1.0,2.0,2.0,13,mid,Mid,00278
279,5.0,4.0,5.0,5.0,5.0,1.0,12.0,5,mid,Mid,00279
280,4.0,3.0,3.0,1.0,3.0,5.0,8.0,10,,Mid,00280
281,4.0,3.0,2.0,2.0,4.0,5.0,0.0,11,mid,Mid,00281
282,,4.0,5.0,2.0,4.0,5.0,8.0,7,mid,Mid,00282
283,5.0,3.0,3.0,1.0,3.0,2.0,4.0,10,mid,Mid,00283
284,3.0,2.0,5.0,2.0,5.0,5.0,4.0,6,mid,Mid,00284
285,3.0,3.0,2.0,1.0,3.0,3.0,2.0,12,mid,Mid,00285
286,4.0,4.0,2.0,2.0,4.0,5.0,0.0,13,mid,Mid,00286
287,4.0,4.0,4.0,1.0,2.0,5.0,0.0,10,mid,Mid,00287
288,4.0,3.0,4.0,1.0,3.0,5.0,2.0,13,mid,Mid,00288
289,4.0,2.0,3.0,1.0,1.0,4.0,2.0,17,High,high,00289
290,4.0,3.0,3.0,1.0,1.0,,0.0,11,mid,Mid,00290
291,4.0,4.0,5.0,4.0,4.0,5.0,4.0,11,mid,,00291
292,4.0,3.0,4.0,1.0,3.0,5.0,2.0,14,mid,Mid,00292
293,4.0,4.0,3.0,2.0,3.0,3.0,4.0,14,mid,Mid,00293
294,3.0,2.0,3.0,1.0,1.0,5.0,4.0,13,mid,Mid,00294
295,4.0,3.0,1.0,1.0,1.0,1.0,4.0,14,mid,Mid,00295
296,5.0,2.0,4.0,1.0,2.0,4.0,,16,High,high,00296
297,5.0,2.0,2.0,1.0,1.0,4.0,0.0,10,mid,Mid,00297
298,3.0,4.0,1.0,,1.0,2.0,2.0,12,mid,Mid,00298
299,1.0,2.0,3.0,1.0,2.0,2.0,8.0,12,mid,Mid,00299
300,3.0,,2.0,1.0,3.0,2.0,2.0,15,High,high,00300
301,4.0,3.0,,1.0,1.0,3.0,2.0,11,mid,Mid,00301
302,5.0,3.0,2.0,1.0,1.0,3.0,2.0,12,mid,Mid,00302
303,3.0,2.0,3.0,1.0,1.0,4.0,2.0,13,mid,Mid,00303
304,4.0,3.0,3.0,1.0,1.0,3.0,0.0,13,mid,Mid,00304
305,4.0,4.0,4.0,2.0,3.0,4.0,8.0,9,mid,Mid,00305
306,4.0,2.0,5.0,3.0,4.0,1.0,6.0,16,High,high,00306
307,5.0,4.0,4.0,3.0,4.0,,0.0,14,mid,Mid,00307
308,4.0,,4.0,2.0,2.0,,8.0,12,mid,Mid,00308
309,5.0,4.0,5.0,1.0,3.0,5.0,4.0,14,mid,Mid,00309
310,4.0,3.0,5.0,1.0,2.0,3.0,12.0,10,mid,Mid,00310
311,4.0,3.0,5.0,3.0,3.0,5.0,16.0,12,mid,Mid,00311
312,4.0,5.0,5.0,1.0,3.0,2.0,10.0,16,High,high,00312
313,4.0,4.0,3.0,1.0,1.0,3.0,2.0,13,mid,Mid,00313
314,3.0,5.0,2.0,2.0,2.0,,2.0,18,High,high,00314
315,4.0,2.0,5.0,1.0,2.0,1.0,8.0,15,High,high,00315
316,4.0,3.0,3.0,1.0,1.0,1.0,6.0,16,High,high,00316
317,4.0,4.0,4.0,2.0,3.0,5.0,6.0,12,mid,Mid,00317
318,4.0,1.0,1.0,1.0,1.0,5.0,15.0,10,mid,Mid,00318
319,3.0,2.0,4.0,1.0,4.0,3.0,6.0,12,mid,Mid,00319
320,2.0,4.0,4.0,1.0,1.0,4.0,2.0,13,mid,Mid,00320
321,4.0,2.0,3.0,1.0,1.0,1.0,8.0,15,High,high,00321
322,3.0,3.0,3.0,4.0,3.0,3.0,0.0,10,mid,Mid,00322
323,4.0,2.0,3.0,1.0,2.0,1.0,0.0,10,mid,Mid,00323
324,3.0,4.0,4.0,2.0,4.0,4.0,10.0,11,mid,Mid,00324
325,4.0,5.0,4.0,2.0,4.0,5.0,22.0,10,mid,Mid,00325
326,4.0,4.0,4.0,3.0,4.0,3.0,18.0,13,mid,Mid,00326
327,5.0,2.0,2.0,1.0,1.0,3.0,2.0,18,High,high,00327
328,5.0,4.0,4.0,1.0,1.0,4.0,0.0,13,mid,Mid,00328
329,5.0,4.0,5.0,1.0,2.0,5.0,12.0,14,mid,Mid,00329
330,4.0,3.0,1.0,1.0,1.0,5.0,10.0,14,mid,Mid,00330
331,4.0,3.0,3.0,1.0,2.0,4.0,0.0,12,mid,Mid,00331
332,4.0,3.0,3.0,1.0,2.0,2.0,0.0,18,High,high,00332
333,4.0,3.0,3.0,1.0,1.0,3.0,0.0,14,mid,Mid,00333
334,4.0,2.0,4.0,1.0,3.0,2.0,0.0,15,High,high,00334
335,5.0,4.0,3.0,1.0,1.0,2.0,0.0,17,High,high,00335
336,4.0,3.0,2.0,1.0,4.0,5.0,2.0,16,High,high,00336
337,4.0,2.0,2.0,1.0,2.0,3.0,0.0,18,High,high,00337
338,3.0,1.0,2.0,1.0,1.0,3.0,0.0,19,High,high,00338
339,5.0,4.0,2.0,1.0,1.0,4.0,0.0,15,High,high,00339
340,4.0,4.0,3.0,1.0,3.0,,,15,High,high,00340
341,2.0,3.0,4.0,2.0,3.0,2.0,,13,mid,Mid,00341
342,4.0,4.0,5.0,1.0,2.0,2.0,0.0,14,High,high,00342
343,4.0,3.0,3.0,1.0,1.0,3.0,0.0,17,High,high,00343
344,1.0,4.0,2.0,2.0,2.0,1.0,0.0,17,High,high,00344
345,4.0,2.0,4.0,1.0,1.0,4.0,0.0,15,High,high,00345
346,4.0,1.0,1.0,2.0,2.0,5.0,0.0,13,mid,Mid,00346
347,5.0,3.0,4.0,1.0,1.0,5.0,0.0,8,Low,low,00347
348,4.0,3.0,3.0,1.0,1.0,3.0,0.0,16,High,high,00348
349,5.0,2.0,2.0,1.0,2.0,,0.0,18,High,high,00349
350,4.0,3.0,1.0,1.0,1.0,5.0,0.0,11,mid,Mid,00350
351,5.0,5.0,3.0,1.0,1.0,5.0,0.0,15,High,high,00351
352,4.0,5.0,3.0,1.0,2.0,5.0,0.0,11,mid,Mid,00352
353,3.0,4.0,4.0,1.0,2.0,5.0,2.0,11,mid,Mid,00353
354,5.0,3.0,3.0,1.0,2.0,1.0,2.0,15,mid,Mid,00354
355,4.0,2.0,1.0,1.0,,3.0,2.0,14,,Mid,00355
356,4.0,4.0,4.0,1.0,1.0,5.0,,17,High,high,00356
357,4.0,3.0,4.0,1.0,1.0,5.0,2.0,17,High,high,00357
358,3.0,2.0,4.0,1.0,4.0,1.0,8.0,15,mid,Mid,00358
359,4.0,3.0,4.0,2.0,5.0,5.0,,17,High,high,00359
360,4.0,1.0,4.0,1.0,1.0,3.0,8.0,14,mid,Mid,00360
361,5.0,4.0,4.0,1.0,1.0,1.0,9.0,10,mid,Mid,00361
362,4.0,4.0,4.0,3.0,3.0,5.0,0.0,13,mid,Mid,00362
363,5.0,4.0,4.0,1.0,1.0,1.0,4.0,14,mid,Mid,00363
364,5.0,,4.0,1.0,,5.0,2.0,17,High,high,00364
365,5.0,2.0,,1.0,2.0,5.0,14.0,17,High,high,00365
366,5.0,3.0,3.0,1.0,1.0,5.0,0.0,13,mid,Mid,00366
367,4.0,2.0,,,2.0,,2.0,14,mid,Mid,00367
368,4.0,2.0,5.0,3.0,4.0,5.0,2.0,11,mid,Mid,00368
369,1.0,5.0,5.0,4.0,3.0,5.0,,11,mid,Mid,00369
370,5.0,3.0,4.0,1.0,1.0,4.0,2.0,9,mid,Mid,00370
371,4.0,3.0,5.0,2.0,4.0,5.0,2.0,10,mid,Mid,00371
372,4.0,2.0,2.0,1.0,1.0,3.0,4.0,13,mid,Mid,00372
373,3.0,3.0,2.0,2.0,2.0,3.0,0.0,10,mid,Mid,00373
374,3.0,4.0,3.0,2.0,3.0,5.0,0.0,17,High,high,00374
375,3.0,3.0,3.0,2.0,3.0,2.0,0.0,15,High,high,00375
376,4.0,5.0,5.0,1.0,2.0,2.0,0.0,14,High,high,00376
377,4.0,3.0,3.0,2.0,2.0,3.0,0.0,13,High,high,00377
378,4.0,,5.0,3.0,5.0,5.0,0.0,17,High,high,00378
379,4.0,4.0,5.0,5.0,5.0,4.0,2.0,10,mid,Mid,00379
380,5.0,4.0,4.0,1.0,3.0,4.0,0.0,13,mid,Mid,00380
381,4.0,3.0,3.0,1.0,2.0,4.0,4.0,15,High,high,00381
382,4.0,,5.0,2.0,5.0,5.0,2.0,11,mid,Mid,00382
383,4.0,5.0,5.0,2.0,4.0,,0.0,12,mid,Mid,00383
384,5.0,3.0,4.0,2.0,2.0,5.0,0.0,10,mid,Mid,00384
385,4.0,2.0,5.0,1.0,1.0,2.0,2.0,10,mid,Mid,00385
386,4.0,4.0,3.0,1.0,1.0,5.0,0.0,15,High,high,00386
387,5.0,4.0,2.0,1.0,2.0,5.0,6.0,15,High,high,00387
388,5.0,3.0,4.0,1.0,1.0,4.0,8.0,12,mid,Mid,00388
389,4.0,3.0,3.0,1.0,1.0,2.0,0.0,12,mid,Mid,00389
390,4.0,4.0,4.0,1.0,1.0,,6.0,14,mid,Mid,00390
391,4.0,4.0,5.0,1.0,3.0,5.0,8.0,14,mid,Mid,00391
392,4.0,,2.0,2.0,3.0,2.0,0.0,15,mid,Mid,00392
393,5.0,3.0,3.0,1.0,1.0,1.0,4.0,15,High,high,00393
394,4.0,3.0,3.0,2.0,3.0,2.0,0.0,16,High,high,00394
395,4.0,3.0,3.0,2.0,2.0,2.0,0.0,13,,Mid,00395
396,4.0,3.0,3.0,1.0,3.0,5.0,6.0,17,High,high,00396
397,3.0,3.0,1.0,1.0,2.0,,18.0,14,mid,Mid,00397
398,4.0,3.0,3.0,1.0,2.0,3.0,0.0,14,mid,Mid,00398
399,5.0,4.0,3.0,2.0,3.0,1.0,4.0,17,High,high,00399
400,5.0,3.0,2.0,1.0,2.0,4.0,4.0,17,High,high,00400
401,5.0,4.0,5.0,2.0,3.0,5.0,0.0,14,mid,Mid,00401
402,4.0,4.0,3.0,1.0,3.0,4.0,0.0,13,mid,Mid,00402
403,4.0,3.0,4.0,2.0,2.0,1.0,10.0,15,High,high,00403
404,4.0,3.0,5.0,2.0,4.0,4.0,4.0,16,High,high,00404
405,,2.0,3.0,3.0,4.0,5.0,16.0,11,mid,Mid,00405
406,4.0,1.0,2.0,1.0,1.0,3.0,6.0,13,mid,Mid,00406
407,3.0,3.0,2.0,1.0,1.0,5.0,0.0,12,mid,Mid,00407
408,4.0,4.0,4.0,1.0,3.0,3.0,11.0,12,mid,Mid,00408
409,4.0,3.0,5.0,1.0,4.0,2.0,9.0,15,High,high,00409
410,4.0,3.0,4.0,1.0,3.0,4.0,0.0,17,High,high,00410
411,4.0,4.0,2.0,1.0,2.0,4.0,2.0,15,High,high,00411
412,4.0,2.0,2.0,1.0,1.0,3.0,0.0,17,High,high,00412
413,5.0,3.0,3.0,5.0,2.0,4.0,21.0,10,mid,Mid,00413
414,3.0,2.0,2.0,1.0,3.0,3.0,8.0,15,High,high,00414
415,3.0,,5.0,4.0,4.0,,5.0,11,mid,Mid,00415
416,4.0,4.0,4.0,1.0,2.0,5.0,10.0,18,,high,00416
417,4.0,3.0,4.0,1.0,2.0,2.0,5.0,17,High,high,00417
418,3.0,1.0,3.0,4.0,5.0,4.0,13.0,14,High,high,00418
419,5.0,3.0,4.0,1.0,4.0,4.0,10.0,11,mid,Mid,00419
420,4.0,1.0,4.0,1.0,3.0,4.0,10.0,17,High,high,00420
421,5.0,3.0,1.0,1.0,1.0,5.0,5.0,10,mid,Mid,00421
422,3.0,1.0,2.0,1.0,2.0,1.0,4.0,13,mid,Mid,00422
423,4.0,,3.0,1.0,,5.0,,11,mid,Mid,00423
424,4.0,4.0,4.0,1.0,1.0,5.0,,12,mid,Mid,00424
425,4.0,1.0,3.0,1.0,1.0,2.0,6.0,10,mid,Mid,00425
426,5.0,4.0,4.0,2.0,3.0,5.0,4.0,11,mid,Mid,00426
427,4.0,5.0,2.0,1.0,2.0,5.0,0.0,17,High,high,00427
428,1.0,3.0,4.0,1.0,1.0,1.0,0.0,9,mid,Mid,00428
429,5.0,3.0,2.0,1.0,3.0,2.0,5.0,11,mid,Mid,00429
430,4.0,4.0,3.0,1.0,1.0,5.0,0.0,11,mid,Mid,00430
431,4.0,5.0,4.0,1.0,2.0,5.0,0.0,10,mid,Mid,00431
432,5.0,4.0,4.0,2.0,2.0,5.0,0.0,7,Low,low,00432
433,1.0,5.0,1.0,3.0,5.0,5.0,0.0,14,High,high,00433
434,1.0,2.0,1.0,,1.0,1.0,4.0,11,mid,Mid,00434
435,5.0,4.0,3.0,1.0,2.0,4.0,0.0,10,mid,Mid,00435
436,4.0,4.0,3.0,1.0,2.0,2.0,4.0,8,Low,low,00436
437,3.0,2.0,3.0,1.0,2.0,2.0,0.0,12,mid,Mid,00437
438,5.0,5.0,5.0,1.0,3.0,,2.0,12,,Mid,00438
439,,1.0,3.0,1.0,1.0,4.0,0.0,16,High,high,00439
440,5.0,4.0,5.0,4.0,5.0,3.0,0.0,0,Low,low,00440
441,4.0,4.0,3.0,2.0,4.0,5.0,4.0,9,mid,Mid,00441
442,5.0,3.0,4.0,1.0,2.0,2.0,0.0,14,mid,Mid,00442
443,5.0,3.0,4.0,1.0,2.0,2.0,7.0,8,mid,Mid,00443
444,3.0,4.0,5.0,,2.0,5.0,4.0,11,mid,Mid,00444
445,5.0,,5.0,2.0,4.0,4.0,8.0,9,mid,Mid,00445
446,5.0,3.0,3.0,1.0,1.0,5.0,0.0,11,mid,Mid,00446
447,5.0,5.0,5.0,5.0,5.0,3.0,8.0,9,mid,Mid,00447
448,4.0,2.0,2.0,1.0,1.0,4.0,6.0,17,High,high,00448
449,5.0,1.0,2.0,1.0,1.0,1.0,,13,mid,Mid,00449
450,4.0,5.0,4.0,1.0,2.0,1.0,2.0,15,High,high,00450
451,4.0,3.0,3.0,1.0,1.0,5.0,0.0,11,mid,Mid,00451
452,4.0,4.0,5.0,1.0,1.0,4.0,4.0,11,mid,Mid,00452
453,1.0,3.0,2.0,1.0,2.0,4.0,0.0,8,mid,Mid,00453
454,1.0,,2.0,1.0,2.0,4.0,3.0,8,mid,Mid,00454
455,4.0,,2.0,3.0,,2.0,0.0,9,mid,Mid,00455
456,5.0,4.0,3.0,2.0,1.0,2.0,0.0,15,High,high,00456
457,5.0,5.0,5.0,5.0,5.0,3.0,4.0,11,mid,Mid,00457
458,4.0,3.0,2.0,1.0,1.0,1.0,0.0,13,mid,Mid,00458
459,4.0,4.0,3.0,1.0,1.0,5.0,2.0,10,mid,Mid,00459
460,4.0,3.0,3.0,1.0,1.0,2.0,1.0,11,mid,Mid,00460
461,4.0,2.0,2.0,4.0,3.0,2.0,0.0,14,mid,Mid,00461
462,4.0,2.0,1.0,1.0,2.0,2.0,0.0,14,High,high,00462
463,4.0,4.0,3.0,2.0,2.0,5.0,2.0,12,mid,Mid,00463
464,3.0,4.0,4.0,3.0,4.0,5.0,6.0,11,,Mid,00464
465,3.0,4.0,4.0,2.0,3.0,5.0,9.0,8,mid,Mid,00465
466,3.0,2.0,3.0,1.0,3.0,4.0,0.0,11,mid,Mid,00466
467,5.0,3.0,4.0,1.0,1.0,2.0,1.0,14,mid,Mid,00467
468,4.0,3.0,3.0,1.0,2.0,4.0,1.0,13,mid,Mid,00468
469,4.0,3.0,1.0,1.0,1.0,3.0,0.0,13,mid,Mid,00469
470,4.0,5.0,4.0,1.0,1.0,1.0,,12,mid,Mid,00470
471,4.0,4.0,4.0,2.0,3.0,5.0,2.0,12,mid,Mid,00471
472,,3.0,,1.0,1.0,4.0,0.0,16,High,high,00472
473,2.0,4.0,3.0,2.0,3.0,4.0,4.0,10,mid,Mid,00473
474,4.0,2.0,4.0,3.0,5.0,3.0,2.0,11,mid,Mid,00474
475,5.0,3.0,2.0,1.0,1.0,,0.0,14,mid,Mid,00475
476,5.0,4.0,3.0,1.0,1.0,5.0,2.0,8,mid,Mid,00476
477,4.0,3.0,3.0,2.0,4.0,3.0,11.0,11,mid,Mid,00477
478,3.0,4.0,3.0,1.0,1.0,1.0,0.0,8,Low,low,00478
479,4.0,5.0,3.0,1.0,1.0,5.0,4.0,10,mid,Mid,00479
480,4.0,,4.0,1.0,1.0,2.0,0.0,10,mid,Mid,00480
481,5.0,5.0,3.0,1.0,1.0,3.0,2.0,11,mid,Mid,00481
482,5.0,2.0,1.0,,3.0,4.0,0.0,9,mid,Mid,00482
483,3.0,4.0,5.0,1.0,2.0,1.0,1.0,11,mid,Mid,00483
484,4.0,3.0,4.0,1.0,2.0,1.0,6.0,8,Low,low,00484
485,4.0,3.0,5.0,1.0,2.0,4.0,0.0,11,mid,Mid,00485
486,4.0,,3.0,1.0,4.0,3.0,1.0,10,mid,Mid,00486
487,3.0,3.0,2.0,1.0,1.0,2.0,6.0,10,mid,Mid,00487
488,5.0,3.0,,1.0,1.0,3.0,6.0,9,,Mid,00488
489,4.0,4.0,3.0,3.0,4.0,4.0,0.0,10,mid,Mid,00489
490,3.0,,3.0,1.0,1.0,2.0,4.0,10,mid,Mid,00490
491,1.0,1.0,4.0,,1.0,1.0,12.0,9,mid,Mid,00491
492,3.0,3.0,2.0,1.0,1.0,3.0,2.0,10,mid,Mid,00492
493,2.0,4.0,4.0,3.0,5.0,5.0,5.0,10,mid,Mid,00493
494,4.0,4.0,5.0,1.0,3.0,3.0,0.0,9,mid,Mid,00494
495,4.0,5.0,4.0,1.0,1.0,4.0,0.0,13,mid,Mid,00495
496,4.0,4.0,4.0,2.0,2.0,,2.0,14,High,high,00496
497,5.0,4.0,5.0,3.0,4.0,5.0,0.0,10,mid,Mid,00497
498,5.0,3.0,3.0,1.0,1.0,1.0,0.0,14,mid,Mid,00498
499,4.0,2.0,5.0,1.0,2.0,5.0,0.0,16,High,high,00499
500,5.0,3.0,5.0,5.0,5.0,1.0,12.0,7,Low,low,00500
501,4.0,2.0,5.0,1.0,5.0,5.0,8.0,13,mid,Mid,00501
502,1.0,3.0,5.0,3.0,5.0,3.0,2.0,9,mid,Mid,00502
503,2.0,2.0,1.0,1.0,1.0,5.0,0.0,14,High,high,00503
504,5.0,4.0,5.0,1.0,1.0,1.0,0.0,13,mid,Mid,00504
505,4.0,,5.0,1.0,2.0,5.0,0.0,11,mid,Mid,00505
506,3.0,3.0,4.0,2.0,4.0,3.0,8.0,10,mid,Mid,00506
507,4.0,3.0,3.0,1.0,1.0,3.0,0.0,10,mid,Mid,00507
508,4.0,4.0,5.0,1.0,2.0,5.0,0.0,9,mid,Mid,00508
509,5.0,3.0,2.0,1.0,1.0,1.0,0.0,18,High,high,00509
510,5.0,3.0,2.0,1.0,1.0,1.0,0.0,17,High,high,00510
511,4.0,4.0,5.0,1.0,1.0,4.0,1.0,10,mid,Mid,00511
512,4.0,3.0,2.0,1.0,1.0,5.0,9.0,7,Low,low,00512
513,3.0,1.0,3.0,1.0,3.0,1.0,0.0,8,Low,low,00513
514,3.0,1.0,3.0,1.0,4.0,3.0,2.0,7,Low,low,00514
515,2.0,3.0,5.0,1.0,4.0,3.0,8.0,10,mid,Mid,00515
516,4.0,3.0,3.0,2.0,,2.0,0.0,16,High,high,00516
517,5.0,4.0,5.0,1.0,4.0,2.0,0.0,15,High,high,00517
518,2.0,3.0,2.0,1.0,3.0,1.0,8.0,8,Low,low,00518
519,5.0,2.0,1.0,1.0,1.0,2.0,0.0,0,Low,low,00519
520,4.0,3.0,2.0,1.0,3.0,5.0,6.0,8,mid,Mid,00520
521,3.0,3.0,3.0,1.0,1.0,2.0,0.0,10,mid,Mid,00521
522,4.0,3.0,4.0,1.0,2.0,3.0,4.0,8,mid,Mid,00522
523,5.0,5.0,5.0,5.0,5.0,5.0,2.0,6,Low,low,00523
524,4.0,2.0,1.0,1.0,1.0,2.0,2.0,8,mid,Mid,00524
525,4.0,4.0,3.0,1.0,2.0,5.0,0.0,16,High,high,00525
526,4.0,2.0,3.0,1.0,2.0,5.0,1.0,14,High,high,00526
527,5.0,1.0,3.0,2.0,2.0,3.0,0.0,10,,Mid,00527
528,5.0,1.0,3.0,1.0,2.0,5.0,5.0,9,mid,Mid,00528
529,5.0,1.0,3.0,1.0,2.0,5.0,1.0,11,mid,Mid,00529
530,4.0,1.0,4.0,5.0,5.0,3.0,8.0,9,mid,Mid,00530
531,5.0,1.0,3.0,3.0,3.0,1.0,0.0,10,mid,Mid,00531
532,4.0,2.0,2.0,1.0,4.0,5.0,2.0,8,Low,low,00532
533,3.0,2.0,2.0,1.0,1.0,3.0,0.0,16,High,high,00533
534,4.0,1.0,2.0,2.0,5.0,5.0,0.0,12,mid,Mid,00534
535,5.0,5.0,5.0,1.0,3.0,,11.0,10,mid,Mid,00535
536,5.0,4.0,5.0,2.0,3.0,5.0,8.0,14,High,high,00536
537,4.0,3.0,3.0,1.0,2.0,5.0,11.0,12,mid,Mid,00537
538,4.0,3.0,3.0,2.0,2.0,5.0,2.0,11,mid,Mid,00538
539,1.0,2.0,4.0,2.0,2.0,1.0,8.0,10,mid,Mid,00539
540,4.0,3.0,3.0,2.0,2.0,1.0,5.0,11,,Mid,00540
541,5.0,1.0,3.0,1.0,1.0,5.0,0.0,11,mid,Mid,00541
542,5.0,3.0,5.0,1.0,4.0,5.0,1.0,12,mid,Mid,00542
543,3.0,3.0,3.0,1.0,3.0,5.0,2.0,8,mid,Mid,00543
544,5.0,1.0,2.0,3.0,3.0,5.0,2.0,12,mid,Mid,00544
545,5.0,4.0,4.0,3.0,4.0,5.0,8.0,8,mid,Mid,00545
546,5.0,2.0,5.0,1.0,1.0,,0.0,16,High,high,00546
547,4.0,1.0,2.0,2.0,,2.0,0.0,11,mid,Mid,00547
548,4.0,5.0,5.0,1.0,2.0,3.0,2.0,11,mid,Mid,00548
549,4.0,3.0,3.0,2.0,3.0,5.0,0.0,18,High,high,00549
550,,1.0,2.0,2.0,2.0,5.0,0.0,13,mid,Mid,00550
551,4.0,1.0,2.0,2.0,2.0,1.0,0.0,13,High,high,00551
552,4.0,4.0,3.0,3.0,4.0,4.0,2.0,10,mid,Mid,00552
553,4.0,1.0,2.0,1.0,1.0,5.0,4.0,12,mid,Mid,00553
554,3.0,,5.0,2.0,2.0,4.0,3.0,10,mid,Mid,00554
555,4.0,3.0,4.0,1.0,1.0,3.0,5.0,13,High,high,00555
556,4.0,4.0,4.0,2.0,4.0,5.0,,11,mid,Mid,00556
557,5.0,4.0,4.0,1.0,1.0,5.0,2.0,10,mid,Mid,00557
558,,5.0,5.0,3.0,5.0,5.0,0.0,10,mid,Mid,00558
559,4.0,3.0,2.0,1.0,1.0,4.0,0.0,13,mid,Mid,00559
560,4.0,5.0,5.0,1.0,3.0,2.0,0.0,10,mid,Mid,00560
561,4.0,3.0,3.0,1.0,4.0,5.0,6.0,10,mid,Mid,00561
562,5.0,4.0,3.0,1.0,1.0,1.0,0.0,12,mid,Mid,00562
563,1.0,2.0,1.0,2.0,3.0,5.0,0.0,0,Low,low,00563
564,4.0,5.0,5.0,2.0,3.0,5.0,2.0,10,mid,Mid,00564
565,4.0,5.0,5.0,2.0,4.0,5.0,0.0,9,mid,Mid,00565
566,5.0,3.0,,2.0,3.0,5.0,2.0,9,Low,low,00566
567,2.0,3.0,1.0,2.0,2.0,5.0,0.0,0,Low,low,00567
568,3.0,2.0,1.0,1.0,1.0,3.0,4.0,9,mid,Mid,00568
569,4.0,4.0,5.0,1.0,3.0,3.0,9.0,8,mid,Mid,00569
570,5.0,4.0,3.0,2.0,4.0,4.0,,8,mid,Mid,00570
571,4.0,4.0,,1.0,3.0,5.0,4.0,9,mid,Mid,00571
572,2.0,5.0,5.0,1.0,1.0,1.0,8.0,7,Low,low,00572
573,4.0,3.0,2.0,1.0,2.0,5.0,9.0,10,mid,Mid,00573
574,4.0,4.0,3.0,2.0,4.0,4.0,12.0,10,mid,Mid,00574
575,5.0,4.0,4.0,3.0,4.0,2.0,8.0,10,mid,Mid,00575
576,2.0,5.0,5.0,5.0,5.0,5.0,8.0,11,mid,Mid,00576
577,5.0,4.0,4.0,3.0,3.0,2.0,8.0,11,mid,Mid,00577
578,4.0,5.0,4.0,2.0,3.0,3.0,,10,mid,Mid,00578
579,4.0,3.0,3.0,2.0,3.0,3.0,0.0,9,mid,Mid,00579
580,4.0,4.0,4.0,3.0,3.0,5.0,4.0,10,mid,Mid,00580
581,4.0,,3.0,1.0,1.0,5.0,,8,mid,Mid,00581
582,1.0,4.0,4.0,1.0,1.0,5.0,0.0,7,mid,Mid,00582
583,5.0,5.0,5.0,1.0,1.0,3.0,0.0,0,Low,low,00583
584,4.0,4.0,3.0,1.0,1.0,5.0,0.0,11,mid,Mid,00584
585,4.0,2.0,3.0,2.0,2.0,3.0,5.0,8,Low,low,00585
586,5.0,5.0,5.0,1.0,3.0,5.0,0.0,0,mid,Mid,00586
587,2.0,3.0,3.0,1.0,2.0,4.0,3.0,8,Low,low,00587
588,3.0,2.0,2.0,1.0,1.0,5.0,0.0,9,mid,Mid,00588
589,5.0,5.0,1.0,1.0,1.0,3.0,0.0,10,mid,Mid,00589
590,3.0,4.0,4.0,2.0,2.0,5.0,3.0,7,mid,Mid,00590
591,4.0,3.0,5.0,1.0,1.0,1.0,2.0,14,mid,Mid,00591
592,4.0,4.0,3.0,1.0,1.0,4.0,0.0,13,,Mid,00592
593,4.0,4.0,3.0,1.0,2.0,4.0,0.0,14,mid,Mid,00593
594,4.0,3.0,5.0,1.0,2.0,1.0,0.0,18,High,high,00594
595,5.0,4.0,5.0,1.0,,,3.0,17,High,high,00595
596,4.0,3.0,3.0,1.0,2.0,4.0,0.0,18,High,high,00596
597,4.0,3.0,3.0,1.0,1.0,4.0,0.0,0,Low,low,00597
598,4.0,1.0,4.0,5.0,5.0,,8.0,11,mid,Mid,00598
599,2.0,5.0,5.0,1.0,1.0,1.0,5.0,14,mid,Mid,00599
600,4.0,2.0,3.0,3.0,4.0,4.0,4.0,14,mid,,00600
601,1.0,3.0,1.0,1.0,1.0,,4.0,10,mid,Mid,00601
602,5.0,,5.0,1.0,4.0,3.0,0.0,13,mid,Mid,00602
603,5.0,3.0,1.0,1.0,1.0,5.0,0.0,0,Low,low,00603
604,4.0,4.0,2.0,1.0,2.0,2.0,2.0,10,mid,Mid,00604
605,5.0,5.0,5.0,2.0,3.0,2.0,0.0,0,Low,low,00605
606,4.0,2.0,3.0,3.0,1.0,5.0,0.0,18,High,high,00606
607,5.0,3.0,3.0,1.0,2.0,2.0,5.0,12,mid,Mid,00607
608,5.0,2.0,3.0,1.0,2.0,3.0,2.0,11,mid,Mid,00608
609,4.0,1.0,1.0,1.0,1.0,4.0,0.0,12,mid,Mid,00609
610,3.0,5.0,4.0,1.0,4.0,1.0,0.0,0,Low,low,00610
611,4.0,2.0,1.0,1.0,1.0,4.0,5.0,15,High,high,00611
612,4.0,5.0,5.0,1.0,3.0,,4.0,11,mid,Mid,00612
613,5.0,3.0,4.0,1.0,1.0,5.0,0.0,10,mid,Mid,00613
614,4.0,3.0,3.0,1.0,2.0,5.0,2.0,12,mid,Mid,00614
615,1.0,2.0,3.0,1.0,2.0,5.0,0.0,15,High,high,00615
616,3.0,3.0,2.0,1.0,2.0,3.0,2.0,14,mid,Mid,00616
617,5.0,3.0,2.0,1.0,1.0,4.0,0.0,18,High,high,00617
618,4.0,3.0,4.0,1.0,4.0,,0.0,15,High,high,00618
619,4.0,3.0,2.0,1.0,3.0,3.0,6.0,13,mid,Mid,00619
620,2.0,3.0,4.0,1.0,1.0,1.0,4.0,15,High,high,00620
621,3.0,2.0,2.0,1.0,2.0,3.0,0.0,13,mid,Mid,00621
622,3.0,3.0,4.0,2.0,4.0,3.0,0.0,9,mid,Mid,00622
623,4.0,2.0,2.0,2.0,2.0,5.0,0.0,16,High,high,00623
624,5.0,2.0,1.0,1.0,2.0,1.0,0.0,9,mid,Mid,00624
625,5.0,2.0,3.0,1.0,2.0,4.0,0.0,10,mid,Mid,00625
626,3.0,2.0,2.0,4.0,2.0,,0.0,0,Low,low,00626
627,4.0,3.0,3.0,2.0,3.0,3.0,3.0,10,mid,Mid,00627
628,3.0,4.0,3.0,1.0,1.0,3.0,8.0,12,mid,Mid,00628
629,3.0,5.0,5.0,1.0,3.0,1.0,4.0,9,mid,Mid,00629
630,5.0,4.0,4.0,1.0,1.0,1.0,0.0,17,High,high,00630
631,4.0,3.0,2.0,1.0,2.0,4.0,4.0,12,mid,Mid,00631
632,4.0,3.0,3.0,1.0,1.0,3.0,4.0,9,mid,Mid,00632
633,5.0,4.0,3.0,3.0,4.0,2.0,1.0,14,High,high,00633
634,4.0,1.0,3.0,1.0,2.0,1.0,1.0,16,High,high,00634
635,4.0,5.0,4.0,2.0,3.0,1.0,10.0,9,mid,Mid,00635
636,,2.0,4.0,1.0,4.0,2.0,4.0,19,High,high,00636
637,4.0,4.0,3.0,1.0,3.0,5.0,,0,Low,low,00637
638,4.0,4.0,3.0,1.0,1.0,3.0,,16,High,high,00638
639,4.0,3.0,2.0,1.0,3.0,5.0,0.0,0,mid,Mid,00639
640,5.0,4.0,3.0,4.0,3.0,3.0,0.0,0,Low,low,00640
641,5.0,3.0,3.0,1.0,3.0,4.0,0.0,15,High,high,00641
642,5.0,5.0,4.0,1.0,1.0,1.0,0.0,11,mid,Mid,00642
643,4.0,4.0,3.0,2.0,2.0,5.0,4.0,10,mid,Mid,00643
644,5.0,4.0,2.0,1.0,2.0,5.0,4.0,10,mid,Mid,00644
645,4.0,3.0,4.0,1.0,1.0,1.0,4.0,16,High,high,00645
646,1.0,1.0,1.0,1.0,1.0,,6.0,9,mid,Mid,00646
647,2.0,4.0,5.0,3.0,4.0,2.0,6.0,10,mid,Mid,00647
648,4.0,4.0,1.0,3.0,4.0,5.0,4.0,11,mid,Mid,00648
